1049367
1049368
1049370
1049371
1049372
1049379
1049387
1049389
1049390
1049391
1049393
1049394
1049395
1049396
1049397
1049398
1049399
1049400
1049401
1049405
1049406
1049407
1049409
1049416
1049418
1049419
1049421
1049422
1049423
1049424
1049425
1049426
1049427
1049428
1049429
1049430
1049431
1049432
1049433
1049434
1049440
1049444
1049445
1049447
1049452
1049453
1049454
1049455
1049456
1049457
1049458
1049459
1049460
1049461
1049462
1049463
1049464
1049465
1049466
1049467
1049468
1049469
1049472
1049473
1049474
1049478
1049479
1049480
1049481
1049483
1049485
1049486
1049488
1049489
1049490
1049492
1049493
1049495
1049496
1049497
1049498
1049499
1049500
1049509
1049514
1049516
1049517
1049518
1049519
1049521
1049522
1049523
1049524
1049525
1049527
1049529
1049530
1049575
1049582
1049583
1049631
1049632
1049653
1049661
1049664
1049666